cis111-2023-3
98.00
92.00
88.00
87.00
85.00
84.00
78.00
77.00
75.00
75.00
74.00
73.00
73.00
72.00
68.00
67.00
65.00
65.00
65.00
65.00
64.00
64.00
62.00
62.00
61.00
61.00
61.00
61.00
61.00
60.00
60.00
59.00
59.00
58.00
58.00
57.00
57.00
56.00
55.00
55.00
55.00
55.00
54.00
54.00
54.00
54.00
54.00
53.00
53.00
52.00
52.00
52.00
51.00
50.00
50.00
50.00
50.00
50.00
49.00
49.00
49.00
49.00
48.00
48.00
48.00
48.00
48.00
48.00
48.00
47.00
47.00
47.00
46.00
46.00
46.00
45.00
45.00
45.00
45.00
44.00
44.00
43.00
43.00
42.00
42.00
42.00
42.00
42.00
41.00
41.00
41.00
41.00
41.00
41.00
40.00
40.00
40.00
40.00
40.00
40.00
40.00
39.00
39.00
39.00
39.00
39.00
38.00
38.00
38.00
38.00
37.00
37.00
37.00
37.00
37.00
37.00
37.00
37.00
37.00
37.00
37.00
37.00
36.00
36.00
36.00
36.00
36.00
36.00
36.00
36.00
36.00
35.00
35.00
35.00
35.00
35.00
35.00
35.00
35.00
35.00
35.00
35.00
34.00
34.00
34.00
34.00
34.00
34.00
34.00
34.00
34.00
33.00
32.00
32.00
32.00
32.00
32.00
32.00
32.00
31.00
31.00
31.00
31.00
31.00
31.00
30.00
30.00
30.00
30.00
30.00
30.00
30.00
30.00
29.00
29.00
29.00
29.00
28.00
28.00
28.00
28.00
27.00
27.00
27.00
27.00
27.00
26.00
25.00
25.00
25.00
24.00
24.00
23.00
28.00
22.00
32.00
22.00
30.00
22.00
22.00
26.00
25.00
21.00
21.00
29.00
20.00
20.00
24.00
20.00
19.00
19.00
19.00
19.00
18.00
17.00
22.00
16.00
15.00
15.00
14.00
14.00
17.00
11.00
7.00
7.00
7.00
6.00
6.00